1500
15
2000
30000
2500
1000
2500
50
600
2000
20
2500
300
20
5000
2000
0.38
50
6000
2000
20
6000
50
5000
23000
2000
0.38
50
6000
2000
20
75000
300
5000
3000
2000
0.38
50
6000
2000
22
2500
300
20000
1700
2000
0.38
50
6000
56000
20
2500
300
5000
3000
6400
2100
50
6000
2000
20
2500
300
5000
3000
2000
0.38
50
6000
2000
20
2500
300
5000
3000
2000
0.38
50
3800
450
20
2500
300
6200
3000
2000
0.38
50
15000
2000
20
2500
300
80
3000
2000
0.38
4000
6000
2000
20
2500
300
5000
3000
2000
0.38
50
6000
2000
20
2500
300
5000
440
2000
0.38
50
6000
2000
8000
2500
300
40000
3000
2000
0.38
50
6000
2000
20
2500
300
5000
3000
2000
0.38
50
6000
2000
20
2500
300
50
3500
2000
0.38
50
6000
2000
20
2500
22000
5000
1000
2000
0.38
50
6000
2000
20
2500
12
5000
6500
2000
0.38
50
6000
2000
20
2500
300
3000
3000
2000
0.38
6000
6000
2000
1000
2500
1000
5000
3000
2000
0.38
50
300
2000
3.5
2500
300
5000
3000
2000
0.38
50
4000
2000
20
2500
300
5000
3000
15000
25000
12
150
38000
15000
6
25
2000
2200
33
15
40
20
30
450
2500
4000
5500
600
3000
180
130
70000
50
1500
90
12000
25
25000
1300
3000
750
1000
25
3000
7000
10000
5000
60
2000
7000
3000
3000
1500
4500
270
10
800
2700
1800
5
9000
30
50
5000
50
7
150
150
500
2700
3200
4400
45
1200
900
2000
60
3000
50000
20
15
1500
40
200
15
3500
800
15
5
20000
25000
20
1
18000
1.5
30000
1000
250
1400
22000
50
25
12000
25
1000
15000
25
3000
200
20
0.5
500
15000
6000
12000
8000
150
80
300
1500
2500
1700
1700
3000
6000
40
12000
35
250
2000
800
8000
10000
8000
2500
20
2000
4000
200
1000
2000
10000
600
50
25
40
32000
15
30
1000
40
1
0.9
2500
2000
4000
3
10
3000
2000
5
400
10000
5000
6000
20
1000
3000
40
3000
4000
5000
6000
1000
5000
800
25
300
2500
300
400
5000
2000
200
700
3
3600
1500
3000
2000
1.5
700
250
2000
15000
30
200
2500
1500
25
12000
10000
14000
40
6000
15000
22000
3500
800
3500
20
1.5
12000
500
400
300
5
1500
100
4000
100
3500
1022
40
6000
1.5
8000
3000
10000
5000
1800
9000
30
14
600
400
250
20
10
4500
1200
2500
1800
1200
700
25
7000
6000
10000
11000
150
150
15
9000
2000
70
12000
12000
15000
16000
200
10
3
60
50
300
400
2000
60
12000
2500
2000
10000
20
7000
15000
10000
1500
1400
1250
15
5
2500
30
22
4
4000
4500
4000
800
800
12000
4000
150
6700
10000
1000
50
200
20000
400
200
100
150
900
450
2000
70
60
20
15000
14500
50
400
1800
1300
1200
500
400
2000
2000
1500
800
900
900
10
250
1000
300
5000
1200
1200
8000
1000
30000
12000
1500
6000
1800
12000
2500
25
20
18000
15000
15000
200
10000
1000
12000
500
400
15
800
20
200
15000
800
18000
1000
2500
1200
400
350
12000
3000
1
4000
800
2000
15000
50
10
500
400
700
1000
10
5
9000
0.2
2500
10000
15
14000
3500
60
0.1
0.2
600
400
500
12000
200
800
300
5
20
20000
1000
2000
100
10
300
500
1
8000
25
15
12000
18000
1000
250
15000
30
10000
12000
25
10
100
500
30
10
10000
700
1000
150
800
70
10
30
16000
15
500
3000
20
200
1000
15
5
1500
25
7000
1000
200
6000
4500
4000
3
80
1500
2000
50
15
1500
1000
150
40
15
4.5
40
1000
400
700
600
500
14000
20000
40
16000
500
5
1500
300
6000
200
4000
3500
40
4000
50
400
800
10
1500
300
1200
9000
150
15000
70
12000
7000
5000
1500
20
1500
40
4000
10000
50
2
3500
13000
50
1000
800
15000
600
80
4000
2000
1500
10000
200
150
1000
3500
7000
500
200
15000
50
2
250
300
300
2000
1500
150
500
20
1800
3500
10000
1400
100
10
15
200
300
4000
2000
3500
6000
100
3500
40000
15
1000
4000
1500
300
20
1000
7000
15
15
3500
400
30
100
10
6000
200
4000
3
30
30
4000
7000
10
2000
10000
500
6000
50
15
200
2500
400
15
300
4000
7000
20000
800
500
100
15
13000
700
4000
10
1200
300
15
5000
90
1000
2000
8000
1000
5
40000
2000
100
2.5
15
500
20
300
50
900
3000
30
9000
200
2000
4000
3000
2000
1500
1500
3000
78
200
200
4000
600
3000
200
30
150
20
500
800
2000
15000
2500
200
70
2000
40
15
10000
100
300
200
300
3
2000
1500
2500
15000
2000
40000
15
9000
15
20
2000
3000
30
5000
2000
1500
2000
80
450
25
100
10000
200
1200
20
5000
4000
3000
3500
5000
500
6000
2500
400
9000
4000
1
2000
22000
10
15
7000
8
15
60000
500
2000
20
15
3
50
3500
2000
90
2
1.5
2000
25000
3000
20000
1800
6000
30
15
16000
500
10
2000
5
8000
500
1500
4000
500
2000
50
150
20
500
250
900
600
150
100
2500
150
2000
2500
700
1200
15
600
100
200
3000
15
700
20
2500
3500
15
40
20
2000
200
40000
2500
2500
15
3500
3500
4500
3500
700
3500
15
18000
700
700
400
500
3500
6000
3500
50
3500
200
35000
30000
3500
1000
200
4000
100
4000
80
120
400
7000
25
3000
1000
1500
60000
70
50
1000
3000
0.5
3
15
1
2000
150
3
150
400
350
2000
16000
2000
500
1000
20
500
10
3000
3500
3000
3
2500
2500
1500
1200
4000
2500
20
3000
1500
15
20
2000
100
200
15
50
15
4
500
3500
40
1500
20
3500
800
3000
7000
16000
500
4000
2000
300
1500
3000
1500
150
50
500
3000
3500
8000
3500
200
50
2000
600
800
400
300
10000
5000
200
800
400
27000
500
5000
2500
12000
1500
150
4000
50
1200
50
20
12000
14000
400
1500
7000
7000
1000
1500
200
90
50
1500
50
100
100
1200
5000
300
200
1500
100
1000
3
15
1500
50
8000
15
6000
40000
5
10000
300
30000
6000
4000
3000
700
35000
6000
6000
3500
30
20
50
15
2000
4000
70
4000
2000
40000
8000
7000
30000
2000
1500
150
150
400
3500
500
2500
2000
150
250
300
600
300
150
2500
50
25
7000
3500
200
400
8000
9000
1000
500
8000
10
700
2
100
25000
3000
4000
2000
20000
2000
6000
10
2
250
30000
1500
20
60
200
800
100
300
4000
150
6000
2500
5000
6000
5000
100
3500
1
3500
3500
2000
2500
4500
15000
20000
3000
50
150
10
1210
20
1500
100
1400
1300
2000
1500
2
3500
6000
2500
4000
150
60
300
400
10
200
40000
2000
600
100
500
40000
3000
15000
12000
8000
10
4000
9000
4000
30
10
1000
3000
1500
40
12000
4000
30
40000
20
3000
10
2000
20
8000
2000
40000
3500
10
3500
9000
8000
8500
50
3500
2500
500
50
1000
15
3500
4000
700
2000
50
40
100
3500
80
2000
15
100
10
40
35000
90
1000
700
20000
0.3
50
150
50
1500
700
900
80
1500
300
4000
25000
30000
20000
3500
3500
4000
50
150
25000
30
20000
20
100
1
2500
3500
150
3500
3000
25000
23000
2500
50
100
4500
4000
3500
3500
2000
8000
3500
2000
100
150
200
10
50
20
22000
150
2000
21000
1500
2500
35000
150
3000
4000
3500
3000
1000
50
200
2000
30
250
3000
3500
1500
15000
35000
5000
4000
200
28000
150
2500
3500
9000
2000
12000
1500
3000
1800
2000
3000
50
1800
5000
50
150
3000
200
1000
6000
3500
35000
3000
3500
7000
8000
4000
2500
3500
150
50
4000
10000
4000
3000
2000
3500
7000
150
2500
1500
1200
3000
1800
4000
30000
2000
35000
1800
4500
32000
150
50
120
2500
200
150
300
100
3500
3000
3200
2500
150
7000
4000
3500
3000
5000
150
4000
2500
5500
3500
7000
6500
20000
1500
8000
300
3000
1200
3500
7000
4000
200
250
3500
18000
3500
150
4000
15
5000
2000
3500
4000
8000
50
6000
33000
4000
3000
6000
7000
1500
18000
3500
3200
15000
4000
3000
3500
4000
3200
1200
3000
3500
1000
3500
100
2000
50
500
20
800
10
300
4000
3000
2500
2500
8000
2000
700
15000
4000
2000
100
1000
8000
120
4000
7000
600
50
35000
2000
4000
150
50
700
100
60
500
35000
3000
1200
100
400
3500
60
3000
7000
2000
1
600
500
4000
700
1500
2000
30000
7000
